1.034586742556128456e+03
8.259966026753838833e+02
7.153936404839673742e+02
8.822881912337400081e+02
7.541824713346350109e+02
9.512468755385519898e+02
6.052588121660000979e+02
4.941234837745533923e+02
4.781408842924420242e+02
5.496897036343373202e+02
4.304407570127241911e+02
1.354212833580193376e+02
2.699504488264273050e+02
3.701067113495438434e+02
2.262014164746548204e+02
8.157942532040256367e+01
1.787673517622520762e+02
2.853411888127689622e+02
7.019100160727481352e+01
6.860384261870331102e+01
-1.570705927355375486e+01
-1.222410391861758256e+02
-5.533523743826958885e+00
2.311289495635982760e+01
1.103545185203794574e+02
-7.366218077388103325e+01
-1.050795113137445327e+02
1.161362617669887527e+02
-3.994482026109275719e+00
8.081811928693526381e-01
-3.063841172869724971e+01
-1.953276096258715100e+01
3.834738223346275987e+01
-8.480394717380369540e-01
1.401638260303287176e+01
-3.591250308670029057e+01
-5.252724816824498433e+00
3.756136142714169068e+01
-1.165032380919498012e+00
-8.289880515387567428e+00
-2.879550609200918032e+01
3.760434100313007377e+01
-2.945671125339295315e+01
2.945852577276711060e+01
-8.506596987184167347e+00
-3.441864581726417072e+01
1.741814524631941197e+01
1.654547582111464266e+01
9.629886964166418650e+00
-3.863649989009653751e+01
-7.092915412433614897e+00
4.960029127614237865e+01
4.010550384058719220e-01
-4.351671151360023515e+01
6.381488028483460084e+00
3.418594412038140717e+01
-1.125571214100014039e+01
-3.060069486138712236e+01
2.743763721708958059e+01
-9.791064421998349587e+00
-1.142830947663197350e+01
1.830347885618649073e+01
-1.273109522297759000e+01
1.885174851583384381e+01
-4.348361161623096649e+01
4.183841221453419479e+01
2.193169469152879714e+01
-4.742904678497520621e+01
4.360767242342511452e+00
2.591221540120314160e+01
1.699014163373531261e+01
-4.721588269020139705e+01
-1.327484602036085626e+01
7.148528209627215801e+01
-5.048455596797534639e+01
-2.477109359842715364e+01
5.038732569888662027e+01
-1.486084541887625932e+01
-2.214891575927678247e+01
9.461039156689517782e+00
2.360272105988753211e+01
2.696118582611739090e+00
-6.657563700823185115e+01
5.617122430558428192e+01
3.961395496539542904e+01
-7.522558053741038009e+01
-2.238341508505639510e+00
5.901125824683888510e+01
-1.401267325608026360e+00
-5.166746570556373541e+01
7.279736115094236126e+00
4.646225861038807636e+01
-6.560525002681615980e+00
-5.119324781048735673e+01
3.520915153411116449e+01
1.045423327439941374e+01
-1.055678595753393267e+01
-4.953994237418443802e+00
-8.856301805401749050e+00
3.127524999732639088e+01
-2.486575160754140867e+01
8.602016894668794933e+00
-4.706222694505798998e+00
2.519122348071755724e+00
4.156978666656946153e+00
-1.163647865737594067e+01
6.119406812350892011e+00
-8.304560347068546955e-01
3.690700675232442496e+00
-8.329148764630241786e+00
9.202947094926958727e+00
2.367457351217426620e+00
-1.122671738563119526e+01
2.161965032518081387e+01
-3.470398040793984507e+01
3.483585367000209487e+01
-7.775318693786821278e+00
-4.138545760168944554e+01
6.280898147329442338e+01
-4.416054614324625760e+01
7.015890330193085944e+00
2.314276071103040522e+01
-3.660350518766073691e+01
3.787299546307516351e+01
-2.038697566100699277e+01
1.935878401099268009e+00
7.436667059125374735e+00
-6.995789542619945678e+00
-2.520658713631747982e+00
1.625661019251269224e+01
-2.242443833720841795e+01
4.178495636698014160e+00
2.009301502676515838e+01
-1.537397542570213282e+01
-1.194324571325957685e+01
2.119459451072037481e+01
-2.726058686078547844e+00
-1.410796910806814530e+01
9.604617357120746490e+00
-1.834179552963865811e+00
5.101544485169486443e+00
-5.240582423890359998e+00
-2.000228597048965273e+00
6.155985091368641804e+00
6.948507646223778700e+00
-2.434931402108512444e+01
2.475839297119387439e+01
-8.487654239917892696e+00
-1.694007024893782898e+01
3.537094507398015963e+01
-4.287814701119789618e+01
3.224212809458509099e+01
-4.387117150043031266e+00
-1.849727399445211873e+01
2.193871835921447655e+01
-7.377341267214101883e+00
-1.238349849983038098e+00
-3.876079218567207718e+00
1.068985917844738687e+01
-1.002719412210437255e+01
3.193134647652327462e+00
4.378973062515376213e+00
-1.537480769130196201e+01
2.213854262344199952e+01
-1.662761178255324879e+01
-2.354113719820754902e+00
1.963052189285203042e+01
-2.292240131700519612e+01
1.333302239938819156e+01
7.193739557802742546e+00
-2.624905889026065253e+01
3.497325005407082443e+01
-2.118837717450655589e+01
-7.096035701934226836e+00
2.753975801157315217e+01
-2.994743519340552496e+01
1.446033504825294536e+01
2.903533637852397931e-01
-9.601411064905017057e+00
1.434220601612546098e+01
-1.219185814929297251e+01
5.529123569784118786e+00
3.622425380869181311e+00
-3.058944276002347085e+00
-5.716022384480718976e+00
1.056915844658250236e+01
-7.378312196681626745e+00
-8.579684100873635755e-01
7.807615515425981201e+00
-1.024650107127435383e+01
5.052094932898469892e+00
1.134118708004713660e+01
-2.546053873498304299e+01
1.910330212002364902e+01
1.849376238012171214e+00
-1.739684093630756223e+01
1.500738533741946412e+01
-1.098427972447664835e+01
1.627106423675714453e+01
-1.392736748189194884e+01
-4.698138112386157417e+00
2.669271880652316398e+01
-2.433309178979109433e+01
2.967904454783352186e+00
8.421943831326890617e+00
-2.619599367606248563e+00
-7.792712811422072505e+00
5.701204050033167547e+00
-9.951583503281682397e-01
1.458004588450962702e+00
1.419184404835014957e-01
-7.288552429503402763e+00
1.325842662621114698e+01
-5.266768682165435145e+00
-8.533324475906647777e+00
1.597642104565309751e+01
-1.238111051940625273e+01
3.670821936620392911e+00
4.158247427437041566e+00
-8.661448443602678182e+00
4.720151368703425554e+00
2.303489916387340131e+00
-5.553119485753919449e+00
1.325306760077314516e+00
2.882134300473922384e+00
-4.557094317226699220e-01
-5.472919500680042404e-01
-2.184008654543275085e+00
2.961307591834970498e+00
6.134216478554400886e+00
-1.771699717989517353e+01
1.568692337770987422e+01
-9.056295235821086864e-01
-1.302420720407899601e+01
1.595072785182949282e+01
-9.542658167898364852e+00
-2.977837246638027069e-01
1.063210506091516372e+01
-1.816554618633669449e+01
1.546669213512167929e+01
-5.339108927851166975e+00
-4.423900430270621520e+00
9.132861368680991632e+00
-8.897920145056712471e+00
8.020942094974419234e+00
-1.278213247557889343e+00
-7.546075013109232010e+00
1.115777643467956715e+01
-7.619020567365081931e+00
-9.189339612291372306e-02
4.482412893423962430e+00
-9.931493669015178938e+00
1.410706206134836016e+01
-8.254584370056180731e+00
-8.765196886138848953e+00
2.314526711058775277e+01
-1.769965665333775817e+01
-1.894247316105679202e+00
1.604094036070822327e+01
-1.412085037650893149e+01
4.954833293531601512e+00
3.057254560568134938e+00
-8.833887566290549387e+00
1.272430854031733283e+01
-1.021816158816363718e+01
-1.742841223760950964e+00
1.031444733119890955e+01
-8.961174370523261601e+00
1.460877214442147354e+00
1.219972388571250344e+00
4.027631481743370934e+00
-4.641962043596603138e+00
-1.484980773562083023e+00
1.116059446400749700e+01
-1.561209104094861821e+01
1.055294352443034889e+01
-5.083569184542348074e-01
-1.124295211113661530e+01
1.599150115065405764e+01
-1.111051893935363921e+01
6.395220788947082458e-01
8.741435161428459111e+00
-1.212412421151177888e+01
1.084191491223908166e+01
-6.609833345921924064e+00
8.551533414684019396e-01
2.948778244956283601e+00
-2.375873077145976620e+00
6.448427926427366952e-01
-1.319652053321361818e+00
3.860166326584424379e+00
-1.335783704578719533e+00
-6.525164427873924033e+00
1.151238276406559358e+01
-7.448464373215732515e+00
-3.632205172472568133e+00
1.186764892715341624e+01
-1.413525413674998177e+01
9.982359966265200057e+00
-2.876145806717619102e+00
-4.053413653863414012e+00
8.253695360976978534e+00
-6.606548644218172228e+00
5.337605386873261359e+00
-5.077326098898513607e+00
6.154592094175022510e+00
-5.519115858294970423e+00
1.994170383603759644e+00
-1.032247730681312037e+00
-1.393087402646798978e+00
4.307933833857203076e+00
-6.594285068495223001e+00
5.241377071611342586e+00
5.788473518756260816e-01
-2.286942295515157930e+00
9.714120493742207652e-01
-5.519494794694977946e-01
3.488876559390531540e+00
-6.431813911161623487e+00
3.884820143176410223e+00
1.775094237030372113e-01
-1.902959130155760237e-01
-2.385982848067683015e+00
2.397150644672717323e+00
1.262294212406493088e+00
-4.757619623660763075e+00
3.747973537240985920e+00
-1.931142993480474690e+00
1.714302848014824132e+00
-1.523624450647452999e+00
4.136036984721632170e-01
2.886481853141247278e+00
-4.246660339193545575e+00
3.700353841744632888e+00
-3.105961613187895765e+00
3.032602463022727068e+00
-4.346086159328460319e+00
4.612792982867117253e+00
-3.058133124385626012e+00
5.858803526078328744e-02
2.557277442153047975e+00
-3.390617778678252758e+00
2.701224050679946309e+00
-2.948540119563695772e+00
3.575369256318564837e+00
-2.163408260567813990e+00
-1.020636983455797564e+00
4.940989880936065504e+00
-5.242273587074422814e+00
3.470171150800748450e+00
-1.495654996858386321e+00
-5.003608337575672360e-01
1.643171114192050863e+00
-3.169119005954406543e+00
2.062274762871784795e+00
7.466403480228677170e-01
-3.812082297817420695e+00
5.075433884175807542e+00
-3.179499371932442031e+00
6.664236243104527946e-02
3.443208966302260254e+00
-3.395175298341301939e+00
8.426277181444913333e-01
2.235425931374267705e+00
-2.702473368466411063e+00
3.212695099325334480e-01
-4.966667258892118464e-02
8.720093091152201215e-01
-1.913154093261255184e+00
3.276928813348006786e-01
2.206726935485851193e+00
-2.088729161452369976e+00
1.399746846504789977e+00
-9.361722674128675203e-01
1.341659959272872849e+00
-4.425465174837547311e-01
-2.076840684440260265e+00
3.353772856974758909e+00
-2.404775773785934323e+00
1.125381109780944966e+00
-1.244422107842613645e+00
2.030149019948319644e+00
-1.986844676834107926e+00
2.419474392770524784e-01
1.118600467150084432e+00
-1.817120389395854518e+00
1.771969920193058323e+00
-6.562218105771044918e-01
-8.962456588278249203e-01
2.466953330545404555e+00
-2.502867911369948573e+00
1.140605327835163330e+00
4.232636459552187036e-01
-6.839350704196803798e-01
6.152929114528028487e-01
-7.428414279537463860e-02
-3.860417816563567750e-01
6.157734472510956181e-01
-2.107954961756698609e+00
2.193385563692002105e+00
-2.712861070553511222e+00
2.242161885787770537e+00
-8.167424981637900760e-01
5.250286177419971612e-01
1.415170247943285942e+00
-1.909411759593963254e+00
2.481113344403209631e+00
-2.173130154928409219e+00
-3.398999810345080808e-01
1.703994731074012225e+00
-3.114808214332975833e+00
2.506726679925981749e+00
-8.341362163977357191e-01
-7.699944246329599729e-01
2.837306964325204017e+00
-3.447453535969079663e+00
2.481617420029047949e+00
-3.083676872975217864e-01
-1.813006642464461304e+00
2.881279966164254525e+00
-3.062469071127489784e+00
3.256056852440157190e+00
-2.433050203411895929e+00
5.389149538346899027e-01
1.565172672061971193e+00
-2.874735243531638229e+00
2.133836500507689138e+00
-8.949048090992218762e-01
-9.059170483645382355e-01
2.484030284860926585e+00
-3.336796532371126833e+00
2.786582552910697785e+00
-5.287758567160099066e-01
-1.028084811029358558e+00
1.470544373616371470e+00
-2.787608961611399705e-01
-7.447713273877006879e-01
1.095713583753086251e+00
-1.318679654563044146e+00
6.296952779592406291e-01
2.517388786721335148e-01
-1.370377360720074211e+00
1.437089043945823041e+00
-3.398335524530827212e-01
-7.371276127498940234e-01
8.764998277932216642e-01
-6.388365629476339125e-01
3.409427963482783430e-01
1.756677863887335690e-03
-2.840934736394348792e-01
1.333411448595118287e+00
-5.902794026154625229e-01
-7.125480639015659978e-01
2.003783709358970100e+00
-2.588755016553366595e+00
6.482343847839737716e-01
3.890239953209459478e-01
-1.503709915664265040e+00
1.385170427205443477e+00
-1.926266973070001332e-01
-3.817740598321054390e-01
2.007559091334177204e+00
-2.534273614779463557e+00
2.513968687187202455e+00
-1.550573562860542154e+00
-1.250099708178990798e-01
9.894444297842677205e-01
-1.217374905285952602e+00
5.271115563475440302e-01
1.796998133058656799e-01
-1.071393261539455466e+00
1.292561793611598731e+00
-9.680282589862172493e-01
1.148355018294718380e-02
1.319781535406614026e+00
-1.400014547005696386e+00
7.985400973123507606e-01
6.078943337665109192e-01
-1.762271594368037153e+00
1.532258390738454601e+00
-3.813586226901113374e-01
-1.311798694093026407e+00
2.448303384177301645e+00
-1.678912191791519515e+00
1.602703338206414585e-01
1.240579590206054572e+00
-2.111983653563998420e+00
1.527038634705592424e+00
-1.370857622216596461e+00
4.743215909086029858e-01
5.652791581668963339e-01
-5.823182263354371724e-01
4.135421672343732036e-01
1.233748824863084348e+00
-1.712263560106886073e+00
1.434107541335510883e+00
-1.088815213762831746e+00
6.395466346437708172e-01
-8.950087555337026268e-01
6.713771420397871004e-02
5.866419372995925752e-01
