1.764685188310918333e+02
3.292927915330067776e+02
4.274642278422684853e+02
4.834756328622909223e+02
5.168041750924495545e+02
6.854556592014961325e+02
6.118931575758490453e+02
6.954469371412698138e+02
7.392699101592697843e+02
7.401497398118171986e+02
8.043340586304352655e+02
8.610402092386061668e+02
8.201733166589299344e+02
8.606412730274306568e+02
9.022846671241688910e+02
9.008914452822165231e+02
8.890065257888895758e+02
9.219682392001395783e+02
8.991065493540604621e+02
9.633542004594862647e+02
1.000888642417428059e+03
1.010160116499910828e+03
1.051185900976235871e+03
9.997630405726405343e+02
9.600647063911583245e+02
9.846661191452304820e+02
1.044409901806094012e+03
1.012606237544952364e+03
9.453981846070653319e+02
1.025064020394520867e+03
1.001126856105848447e+03
1.007130204045470123e+03
9.890130177923964538e+02
1.002584251107092655e+03
1.005564905527765859e+03
9.898134974806669106e+02
1.000117157380013737e+03
1.011822146482823541e+03
9.850895140191983046e+02
1.016738483387701422e+03
9.702661227690354053e+02
1.031613103279020606e+03
9.802910699762740023e+02
1.019678481105396486e+03
9.808437410149961124e+02
1.006512951949066974e+03
9.985674731699549511e+02
1.014255583527476119e+03
9.959586248251164307e+02
9.782840083597009198e+02
1.010182189474317852e+03
1.013922385701361463e+03
9.967261854004241286e+02
9.816754916342700881e+02
9.968122261620810605e+02
1.014836883355178884e+03
1.014224693678714971e+03
9.767093053238913853e+02
9.908009004322200326e+02
1.017892549681504192e+03
1.007577240463786438e+03
1.004263647970165721e+03
9.651295089117467114e+02
1.019477087450119029e+03
1.005566597432613207e+03
1.014933295529629618e+03
9.622786172488299599e+02
1.004505582512192746e+03
1.015842626828235325e+03
1.006439493972712398e+03
9.872513029437027399e+02
9.896709695011370513e+02
9.975761960488782734e+02
1.038052673816337347e+03
9.810137336573723132e+02
9.721329445705750913e+02
1.011443351570463733e+03
1.035484266642704370e+03
9.679763681291403827e+02
9.932463426408038458e+02
1.007246271358370905e+03
1.009784402874543275e+03
9.916433425546644003e+02
1.007121437943910564e+03
9.766166868207935750e+02
1.014708594275125165e+03
1.016704789317832592e+03
9.790718595804528377e+02
9.898838952156878577e+02
1.017242128991740401e+03
1.009465554214458621e+03
9.745837764775936876e+02
1.008577239276933824e+03
1.004919367641816621e+03
1.001764807564451303e+03
9.890020678798874769e+02
1.003165033166010744e+03
1.009435444111490369e+03
9.883759299619852072e+02
1.006687707858367958e+03
9.874047185762808567e+02
1.023529866862663084e+03
9.804487440718459084e+02
1.001286406399229804e+03
1.005550946258878071e+03
1.007864188295861823e+03
9.888847831120478986e+02
9.966916907880236067e+02
1.011614490810632333e+03
9.972415783477464402e+02
9.935823407138110497e+02
1.006154025343891703e+03
9.862447695169088320e+02
1.020549591956209383e+03
9.886238390811754471e+02
9.944644092172713954e+02
1.008746817458205669e+03
9.984936862761209113e+02
1.003338536260672186e+03
9.928491808475359903e+02
1.001324098374844652e+03
1.002434962022346440e+03
1.000653394600245406e+03
1.001244762936756388e+03
9.804302266026630832e+02
1.031110985741001514e+03
9.758262029414964900e+02
1.011191701784664360e+03
9.930116046951684439e+02
1.009462398540369463e+03
9.914139789194376817e+02
1.006415820786242193e+03
9.931810353051132552e+02
1.007618134699162624e+03
9.939414630140933014e+02
1.001377943401660900e+03
1.004047154723258018e+03
9.929907336119692900e+02
1.005577484600105095e+03
9.996347814783433705e+02
9.971527073307554474e+02
9.970981868552407832e+02
1.013507098958682718e+03
9.813644964178276950e+02
1.009427532987781319e+03
1.003530736453175223e+03
9.936650470816102825e+02
1.002264818922555719e+03
9.962843761636728459e+02
1.014288702750428229e+03
9.795258003318175497e+02
1.016067691005117922e+03
9.896156983306422035e+02
1.007810586652708935e+03
9.919985543668697119e+02
1.004423731068426378e+03
1.002243497849016194e+03
9.890945688439416017e+02
1.014758439573016176e+03
9.930604745263960922e+02
9.917976062726864939e+02
1.016335977263258428e+03
9.913523956208185837e+02
9.955518255667337826e+02
1.007980731646493155e+03
1.001605857974852142e+03
9.877443656529751479e+02
1.012236099396968825e+03
9.965444565268617225e+02
9.962924150128023939e+02
9.991004737628493331e+02
1.008858194945884179e+03
9.891621192083063079e+02
1.002747195306654476e+03
1.005813837566853522e+03
9.941008755205199350e+02
1.000865816142127073e+03
1.003212160464670319e+03
9.994700439124518425e+02
9.951140240338571630e+02
1.003957603086793938e+03
1.005330362864134145e+03
9.828343820969439548e+02
1.017583713082211489e+03
9.937689180899843677e+02
9.957670356394989994e+02
1.003269017425208858e+03
1.006285320462395930e+03
9.882856254442082218e+02
1.008449150323145545e+03
9.966312322997852107e+02
1.001729152786033524e+03
9.968704153838141337e+02
1.003485924009775999e+03
9.980505891970824450e+02
1.000224582645490841e+03
1.003626685217521867e+03
9.924009088663541434e+02
1.007446009995576446e+03
9.973007248345659264e+02
9.960631452978136622e+02
1.005044485986307222e+03
9.960209968061894870e+02
1.003734129566573529e+03
9.936298049955555598e+02
1.010910680024446606e+03
9.879269454250026001e+02
1.008447728491813677e+03
1.000781059914659181e+03
9.926149390923105784e+02
1.003451238185033958e+03
1.006555619543120315e+03
9.889766759359040407e+02
1.003468575782794915e+03
1.004676791542799833e+03
9.968892518529739846e+02
9.940199613738986955e+02
1.010600205181794649e+03
9.934714806289106264e+02
1.000751012289802929e+03
1.001284525723868455e+03
1.000826987538667481e+03
9.976727989921790822e+02
1.002473682517770726e+03
9.985266384737514045e+02
9.998880204067651221e+02
9.993930388651382373e+02
1.003757158969578541e+03
9.919188600356736742e+02
1.008767389749630638e+03
9.948928816874885115e+02
1.001241508465821767e+03
9.998797496042197963e+02
1.001633541404762695e+03
9.960851405480201493e+02
1.005416900708388312e+03
9.946612242352878184e+02
1.002807336334187085e+03
9.996643759073575666e+02
1.002446863641896584e+03
9.925447561205680813e+02
1.009247113048740744e+03
9.959138878715103829e+02
9.965416986987991095e+02
1.004385995415503430e+03
1.000094972113291988e+03
9.953171186730120326e+02
1.003828270495293282e+03
1.000671375654161579e+03
9.967440738736806907e+02
1.003196414746567257e+03
9.998406979118893787e+02
9.971299060622519619e+02
1.003937910771912357e+03
9.976336327237104342e+02
9.989315163570950062e+02
1.002075280043689418e+03
1.000037378209602821e+03
9.962878925437062207e+02
1.005072411881741687e+03
9.963852690825740410e+02
1.000211240665932905e+03
1.002135543483650736e+03
9.982132170095829906e+02
9.986432989964118860e+02
1.005199765895527776e+03
9.954653226230216205e+02
1.000104013621564491e+03
1.004731658989245489e+03
9.948120136246777747e+02
1.000897759508298009e+03
1.003031891127078666e+03
9.941679272842530963e+02
1.005929179763544198e+03
9.957773605060017417e+02
1.001072911651087907e+03
1.001692664214476054e+03
9.997310438378756317e+02
9.968819674850228694e+02
1.004324429512300185e+03
9.984818528815720811e+02
9.981537251048674761e+02
1.000423544215614584e+03
1.004839774275779291e+03
9.908242004653162667e+02
1.008899366227647761e+03
9.953376409689665252e+02
1.000120186954082897e+03
1.001461343877270451e+03
1.000263082301585655e+03
9.964351825775237330e+02
1.004639799304012627e+03
9.975028010195040906e+02
9.990794661211029961e+02
1.002928754038797138e+03
9.972961584434854103e+02
1.002132696587840769e+03
9.983866997275803215e+02
1.001826599722961419e+03
9.977057736432448110e+02
1.002525575798347745e+03
9.989768298284049024e+02
9.961101150604124541e+02
1.008439638091575603e+03
9.898881925823833399e+02
1.007010780076992432e+03
9.967616457802516834e+02
1.002613175927205248e+03
9.968140933593209638e+02
1.003545509444759887e+03
9.990791546088159976e+02
9.981975613814952339e+02
1.002396509541707701e+03
9.985832155493773143e+02
9.988990707793998354e+02
1.002253800418424930e+03
9.975474721906733748e+02
1.002291128349616201e+03
9.974712192608635632e+02
1.003808053726428511e+03
9.956755600053547823e+02
1.003316391072320698e+03
9.984460708788617467e+02
1.000088140708852166e+03
1.000575398208680895e+03
9.993064426358804440e+02
1.001048875368456493e+03
9.991902023931639860e+02
1.000610582449430808e+03
9.993841582080542594e+02
9.997437124848880785e+02
1.001815415142488746e+03
9.957766980185073180e+02
1.005155755536913603e+03
9.955453363730167666e+02
1.004100880229909080e+03
9.953165198747803970e+02
1.005458352904751791e+03
9.958208768250912044e+02
1.001317120109870189e+03
1.000701989524006081e+03
9.993433945102199232e+02
1.000029470943941305e+03
9.996968520537311633e+02
1.001538808418812891e+03
9.981492290482619865e+02
9.999470350542048891e+02
1.002349270770145495e+03
9.962960399985288404e+02
1.002513510491402371e+03
9.993602404577874267e+02
1.000369482810824479e+03
9.984326762661232806e+02
1.003109831228623534e+03
9.976632983361678271e+02
1.000639652497718657e+03
1.000047245496764617e+03
1.001144741682725225e+03
9.973563398179454680e+02
1.002205882506037597e+03
9.990212590288998626e+02
1.000095685805812764e+03
9.991867912814628880e+02
1.001259414834815288e+03
9.992737518105328718e+02
1.000125294758670975e+03
9.999637665024109765e+02
1.001341552590864694e+03
9.983331664119217521e+02
1.000729779643279812e+03
1.000975109127531937e+03
9.979507178905165574e+02
1.000935452547789509e+03
1.000627136757765697e+03
9.985965193487015767e+02
1.000675572692899436e+03
1.000163313559486141e+03
1.000675430781286423e+03
9.973234332513502522e+02
1.003942146516431649e+03
9.966299787771748697e+02
1.001764856770074630e+03
9.993138194991034879e+02
1.000937057776809525e+03
9.986671711015110304e+02
1.001368361513881496e+03
9.991606500103270037e+02
1.000282110275799937e+03
9.995786760620084124e+02
1.000939227854449427e+03
9.984526722601175379e+02
1.001631363666173229e+03
9.987352779438451762e+02
1.000890881959323110e+03
9.987699412298819652e+02
1.001581550642040725e+03
9.982632195496780696e+02
1.001697811810100234e+03
9.984701621404797152e+02
1.002416360304397358e+03
9.973757426356105498e+02
1.002462312071049610e+03
9.983256090430578524e+02
1.000380965116833409e+03
9.997129174904695219e+02
9.998298078214231737e+02
9.999696881780052991e+02
1.000126587271117387e+03
1.000129992845927859e+03
1.000336333929591206e+03
9.997074125051857436e+02
1.000621701614072435e+03
9.995077216754032179e+02
9.998572140002706874e+02
1.000432223102625244e+03
9.994721261726340344e+02
1.000055348183204842e+03
1.000419967309641379e+03
9.993063887838382016e+02
1.001100648915058628e+03
9.981807373144202984e+02
1.002348128603312944e+03
9.975828353118305358e+02
1.001634149183397767e+03
9.993942975582488089e+02
1.000191756336841877e+03
9.996359730307116251e+02
1.001157431249891488e+03
9.985314904515140597e+02
1.001310364765433860e+03
9.990613479239948447e+02
1.000979886119763705e+03
9.983149490882891541e+02
1.002051694861344913e+03
9.981265966677739243e+02
1.000863423858134070e+03
9.998141234240941913e+02
1.000204641067570492e+03
9.994391643073571458e+02
1.000891487450302861e+03
9.995320994755396669e+02
1.000003824189331567e+03
1.000210330783666564e+03
1.000030416121874396e+03
9.995959575588126427e+02
1.000447067548166274e+03
9.999200805740779288e+02
9.999157226614017873e+02
9.998524453841589548e+02
1.000495522166173942e+03
9.990646707689490995e+02
1.000628498076456822e+03
9.993203674820823608e+02
1.000799355881119027e+03
9.991836739771157454e+02
1.001067437701690892e+03
9.994360899229291135e+02
1.000779525709572340e+03
9.990241850256626321e+02
1.001118491722575413e+03
9.985885590945970307e+02
1.001141404176357355e+03
9.984942951278080727e+02
1.001719609963501171e+03
9.982105582215076538e+02
1.001561989703731911e+03
9.990524358086137227e+02
1.000649532593903928e+03
9.994472803755589894e+02
1.000712822706237489e+03
9.994019514573112701e+02
1.000398714085673987e+03
9.999411164031508861e+02
9.999873247716262767e+02
9.997411936332958931e+02
1.000345845592347132e+03
9.995345743832400558e+02
1.000208503608332762e+03
1.000092207059058978e+03
9.997823550953058884e+02
1.000332826615353383e+03
9.998696863393530521e+02
9.997580945499971676e+02
1.000362977471082331e+03
9.995807797414678362e+02
1.000270694584918260e+03
9.996997463056653714e+02
1.001025772186002655e+03
9.985707095958408672e+02
1.001733958699663390e+03
9.985888201963533675e+02
1.000914967842459646e+03
9.988031390665383924e+02
1.001371470027566261e+03
9.981789268512710578e+02
1.001648074429805888e+03
9.987169073668322881e+02
1.001313544029742843e+03
9.987167101948497248e+02
1.001415705611835051e+03
9.990785100144449871e+02
